d010.jpg;87;120;154;157;131;77;178;104;198;95;258;136;651;117;704;166
d0101.jpg;126;104;184;147;285;189;347;241
d0102.jpg;38;229;151;309
d0103.jpg;132;158;169;206;389;91;444;130
d0104.jpg;201;484;285;539;428;373;494;425
d0105.jpg;150;167;222;214;393;279;424;323;500;200;522;224;362;216;388;241
d0106.jpg;58;82;108;122;407;184;480;233
d0107.jpg;421;431;495;501
d0108.jpg;346;100;395;138
d011.jpg;212;91;265;167
d012.jpg;64;124;128;172;382;136;417;185
d013.jpg;33;34;98;75;170;106;241;151;399;114;463;159
d014.jpg;297;132;357;184;610;233;684;285;756;137;826;186
d015.jpg;136;105;197;147;96;180;166;227;210;151;266;188;520;152;577;198;839;52;887;85;725;113;754;150
d016.jpg;181;125;251;177
d017.jpg;68;128;146;174;222;192;300;236
d018.jpg;140;94;210;136;355;118;416;158
d019.jpg;166;157;202;210;395;118;448;165
d020.jpg;202;131;280;195
d021.jpg;180;139;226;194
d022.jpg;176;153;250;203
d023.jpg;96;238;209;329
d024.jpg;442;182;522;234
d025.jpg;138;33;282;130
d026.jpg;188;41;234;73;256;99;300;139;577;182;642;231
d027.jpg;354;83;422;128;488;157;560;203;758;133;829;188
d028.jpg;143;213;204;254;312;251;376;311;441;98;500;135
d029.jpg;209;127;261;169;325;160;390;209
d030.jpg;513;67;549;99;595;121;637;161
d031.jpg;61;228;105;289;263;166;318;206;384;121;428;142
d032.jpg;99;104;167;144;266;193;325;234
d033.jpg;228;589;287;620;82;437;146;479;37;299;79;323;191;300;225;310;435;287;483;323;558;700;592;733
d034.jpg;261;73;288;108;339;150;396;192;775;97;815;127;995;105;1025;126;682;167;728;219;921;208;975;255
d035.jpg;99;199;155;246;344;258;386;307
d036.jpg;185;152;259;210;406;65;445;84;520;51;539;61;636;131;661;147;697;25;724;45
d037.jpg;231;220;301;270;338;164;412;211
d038.jpg;409;98;467;151;171;144;236;205
d039.jpg;214;204;268;257
d040.jpg;406;41;467;82
d041.jpg
d042.jpg
d043.jpg
d044.jpg;190;229;222;276;407;219;479;267
d045.jpg;145;243;232;290;369;197;409;244
d046.jpg;78;237;150;294;277;213;337;256
d047.jpg;118;185;199;248
d048.jpg;100;160;170;216;313;74;362;110
d049.jpg;100;103;158;139;247;66;297;100;450;144;478;157
d050.jpg;89;125;156;170;236;134;273;182
d051.jpg;158;210;214;236
d052.jpg;243;143;274;155;420;146;476;185;604;130;665;175
d053.jpg;99;278;174;337;833;140;881;170
0668_001_01.jpg;250;176;283;229;475;172;524;211
0668_001_02.jpg;121;259;211;316;283;220;317;268
0668_001_03.jpg;135;185;210;235;386;96;433;137
0668_001_04.jpg;305;167;339;210;475;123;518;158
0668_001_05.jpg;130;187;201;236;380;77;422;115
0668_001_06.jpg;138;212;202;264;339;129;392;164
0668_001_07.jpg;156;91;217;121;330;282;373;334;503;222;532;265
0668_001_08.jpg;214;239;323;300
0668_002_01.jpg;315;136;350;165;185;226;239;271;266;283;334;330;452;128;504;155;870;30;897;45;806;113;840;141;631;42;675;60;700;65;751;90;711;292;764;325;954;175;1001;197;1033;305;1071;340
0668_002_02.jpg;52;122;70;131;207;163;251;203;387;113;434;145;445;167;506;216
0668_002_03.jpg;109;77;140;97;155;171;209;200;328;251;364;307;473;175;510;224
0668_002_04.jpg;144;83;172;105;224;156;294;196;340;243;380;302;490;221;525;262
0668_002_05.jpg;191;176;264;229;408;305;498;353
0668_002_06.jpg;165;231;214;253;360;186;427;216;426;42;468;74;491;100;545;139
0668_002_07.jpg;108;70;158;109;266;144;301;178;382;185;409;234;474;131;513;174
0668_003_01.jpg;120;206;227;286
0668_003_02.jpg;235;206;283;235;33;262;108;303
0668_003_03.jpg
0668_003_04.jpg;96;173;155;208;253;230;293;295
0668_003_05.jpg;120;162;187;203;250;146;314;195
0668_003_06.jpg;185;166;255;211;504;87;580;147
0668_003_07.jpg;282;175;316;230;443;126;478;171
0668_004_01.jpg;68;133;133;178;191;150;263;196;389;172;437;207
0668_004_02.jpg;516;123;558;159;375;82;446;134;110;186;142;247
0668_004_03.jpg;184;135;252;186;296;119;336;152;400;125;464;181
0668_004_04.jpg;276;94;332;126
0668_004_05.jpg;165;127;221;174;344;95;414;160;716;111;760;146
0668_004_06.jpg;138;226;231;303;251;183;314;244
0668_004_07.jpg;137;88;184;126;268;128;343;177;470;188;516;215
0670_017_01.jpg;251;136;325;190;900;97;960;145
0670_017_02.jpg;203;101;265;142;485;138;554;191
0670_017_03.jpg;175;158;251;206
0670_017_04.jpg;186;80;277;197;665;139;726;177;888;135;924;180
0670_017_05.jpg;113;119;170;160;265;74;307;98;468;177;533;230;788;143;862;194;978;121;1043;168
0670_018_01.jpg;282;112;349;151;622;185;686;226;791;120;830;139;1011;161;1066;200
0670_018_02.jpg;155;233;264;304
0670_018_03.jpg;159;127;189;182
0670_018_04.jpg;216;191;296;244;375;416;443;475
0670_018_05.jpg;161;249;237;301
0670_018_06.jpg;385;123;461;175;60;213;100;297
0671_001_01.jpg;471;178;541;228;649;156;711;196
0671_001_02.jpg
0671_001_03.jpg
0671_001_04.jpg;217;67;289;113;450;120;482;148
0671_001_05.jpg;355;242;386;284;479;174;523;235
0671_001_06.jpg;157;113;190;141;314;138;346;189;451;119;513;167
0671_001_07.jpg;152;118;235;173;395;167;466;211
0671_001_08.jpg;179;128;216;184
0671_002_01.jpg;374;219;439;270
0671_002_02.jpg;406;230;473;296
0671_002_03.jpg;452;171;525;227
0671_002_04.jpg
0671_002_05.jpg;204;259;278;322
0671_002_06.jpg
0671_002_07.jpg;248;220;369;296
0671_003_01.jpg;109;113;174;159;251;138;329;189
0671_003_02.jpg;150;106;227;157;310;128;389;194
0671_003_03.jpg;152;198;273;271
0671_003_04.jpg;97;196;219;283
0671_003_05.jpg;185;204;300;282
0671_003_06.jpg;98;57;166;98;431;227;494;292
0671_003_07.jpg;190;100;258;156;296;240;334;299
0671_003_08.jpg;164;143;245;197;378;114;445;164
0671_003_09.jpg;178;62;257;112;391;124;461;180
0671_004_01.jpg;595;70;622;83;422;680;489;733;109;488;186;553
0671_004_01.jpg;595;70;622;83;422;680;489;733;109;488;186;553
