0670_020_01.jpg;107;237;189;298
0670_020_02.jpg;121;206;227;292
0670_020_03.jpg;189;139;260;186;389;145;445;182
0670_020_04.jpg;188;164;250;212;432;171;451;201
0670_020_05.jpg;140;54;198;91;329;241;405;302;417;202;503;264
0670_020_06.jpg;126;146;151;190;312;170;328;198
0670_020_07.jpg;140;215;218;280
0670_020_08.jpg;27;228;72;307;216;220;271;256
0670_020_09.jpg;14;98;80;139;221;196;277;232
0670_021_01.jpg;141;145;212;192;378;180;449;230
0670_021_02.jpg;241;167;315;216
0670_021_03.jpg;150;263;283;344
0670_021_04.jpg;189;179;246;221;342;114;379;140;602;119;660;163
0670_021_05.jpg;142;180;256;275
0670_021_06.jpg;153;139;215;194
0670_021_07.jpg;188;177;245;225;379;123;426;150
0670_021_08.jpg;321;153;387;195;448;144;488;157
0670_022_01.jpg;183;121;252;163;403;175;466;222
0670_022_02.jpg;88;187;152;238;241;44;300;85
0670_022_03.jpg;138;134;205;185
0670_022_04.jpg;99;250;195;321
0670_022_05.jpg;139;161;201;201;400;121;464;166
0670_022_06.jpg;26;223;106;275;321;220;428;309
0670_022_07.jpg;215;129;276;174;352;187;420;235
0670_023_01.jpg;129;222;316;351
0670_023_02.jpg;189;90;258;132;479;174;553;238
0670_023_03.jpg;186;229;223;308;367;210;443;261
0670_023_04.jpg;153;58;224;101;374;231;435;286
0670_023_05.jpg;139;87;207;135;282;312;362;392
0670_023_06.jpg;79;76;147;120;240;223;276;278
0670_023_07.jpg
0670_023_08.jpg
0670_023_09.jpg;232;115;301;158;428;189;497;239
0670_024_01.jpg;129;383;202;433;417;336;466;367;521;551;564;583;360;597;393;649
0670_024_02.jpg;124;74;197;128;373;126;425;166;507;77;537;95
0670_024_03.jpg;120;195;189;241;348;237;406;288;499;176;538;201
0670_024_04.jpg;129;192;193;241;349;229;403;276;476;199;498;220
0670_025_01.jpg;158;105;201;137;337;115;363;157
0670_025_02.jpg;66;226;121;254
0670_025_03.jpg;40;230;103;265;192;250;237;296
0670_025_04.jpg;202;196;262;230;332;218;367;290
0670_025_05.jpg;138;115;178;138;402;129;465;180
0670_025_06.jpg;190;109;211;133;320;95;368;129;577;197;626;223;438;207;507;261;694;226;737;284
0670_025_07.jpg;69;209;197;300
0670_025_08.jpg;611;17;660;50;748;28;799;62
0670_026_01.jpg;146;138;179;166
0670_026_02.jpg;114;200;247;234
0670_026_03.jpg;184;138;219;166
0670_026_04.jpg;166;108;232;158
0670_026_05.jpg;26;149;91;235;130;176;226;242;525;123;588;167
0670_026_06.jpg;224;162;300;209;326;134;388;186
0670_026_07.jpg;249;222;304;290;332;202;414;278
0670_026_08.jpg;237;141;278;160;127;144;200;202;362;129;421;169
0670_026_09.jpg;124;77;162;95;265;212;283;233;412;222;449;270
0670_027_01.jpg;216;149;235;170;465;96;488;107
0670_027_02.jpg;171;210;235;253
0670_027_03.jpg;66;222;96;268;245;126;268;138;404;112;443;135
0670_027_04.jpg;121;211;199;271;405;158;418;172;464;135;480;161
0670_027_05.jpg;92;164;158;206;213;140;280;186;824;160;867;188
0670_027_06.jpg;128;179;154;191;248;173;287;196
0670_027_07.jpg;119;228;160;247;233;208;292;241
0670_027_08.jpg;64;228;111;247;206;202;270;249
0670_028_01.jpg;51;154;133;201;151;240;249;301;446;122;474;165;571;141;602;166
0670_028_02.jpg;94;236;172;293;183;137;253;193
0670_028_03.jpg;508;158;554;191;595;157;646;189
0670_028_04.jpg;268;138;329;188;162;216;225;264
0670_028_05.jpg;102;67;173;124;204;198;270;246
0670_028_06.jpg;165;472;209;528;324;490;362;544;617;366;653;389
0670_029_01.jpg;284;198;308;220;536;205;607;252;876;241;947;298
0670_029_02.jpg;31;230;71;289;177;177;218;201;455;168;527;218;569;223;615;298
0670_029_03.jpg;92;205;123;265;153;182;232;235;256;214;334;281
0670_029_04.jpg;155;156;198;185
0670_029_05.jpg;139;260;213;310;318;232;348;285;388;253;451;290;505;187;520;218
0670_029_06.jpg;160;188;208;263;364;223;397;247
0670_029_07.jpg;91;76;165;128;172;58;238;107
0670_030_01.jpg;95;240;180;288;240;138;313;181;421;321;507;376
0670_030_02.jpg;78;242;154;290;267;264;309;323;422;216;500;274
0670_031_01.jpg;103;174;203;219
0670_031_02.jpg;11;228;48;251;273;120;338;161;574;250;586;269;145;271;205;309;486;276;522;321;662;261;686;295
0670_031_03.jpg
0670_031_04.jpg;111;67;180;108;176;232;262;286
0670_031_05.jpg
0670_031_06.jpg;244;199;286;238
0670_031_07.jpg;128;159;189;201;355;133;423;182
0670_031_08.jpg;94;144;165;196;273;133;341;179
0670_031_09.jpg;237;167;311;219;422;137;482;181
0670_032_01.jpg;263;136;323;179;442;186;500;228
0670_032_02.jpg;169;180;204;233;273;235;353;292
0670_032_03.jpg;191;203;273;271
0670_032_04.jpg;192;101;210;130;355;180;399;211;505;189;564;230
0670_032_05.jpg;187;205;254;247
0670_032_06.jpg;192;131;228;155
0670_032_07.jpg;222;143;314;191
0670_032_08.jpg;202;194;271;250
0670_032_09.jpg;175;215;204;271;332;170;390;213;528;162;573;198
0670_033_01.jpg;156;249;196;280;269;300;303;348
0670_033_02.jpg;98;55;129;75;235;125;262;169
0670_033_03.jpg;117;124;140;161;230;248;308;313
0670_033_04.jpg;144;167;212;219;300;168;360;212;457;99;495;122
0670_033_05.jpg;77;84;107;104;81;210;114;248;209;148;273;197;433;92;489;144
0670_033_06.jpg;75;164;136;208;224;159;285;204;406;202;461;241;489;132;532;159
0670_033_07.jpg;162;114;213;146;303;153;335;199;446;125;467;147;408;294;435;332
0670_033_08.jpg;204;41;233;59;236;168;296;205;300;85;360;122;393;130;458;173;549;115;599;147;872;181;929;213
0670_034_01.jpg;105;58;160;105;249;83;296;121;156;252;243;323
0670_034_02.jpg;161;161;246;223;564;58;624;103
0670_034_03.jpg;127;99;186;145;458;163;494;203
0670_034_04.jpg;212;137;282;177;390;238;472;287
0670_034_05.jpg;260;134;332;183;522;249;595;299
0670_034_06.jpg;63;289;125;331;218;193;264;254
0670_034_07.jpg;94;153;161;196;327;158;395;208
0670_034_08.jpg;183;142;213;189;403;225;455;289
0670_035_01.jpg;111;183;180;207;328;161;402;210;454;149;517;189
0670_035_02.jpg;40;92;101;135;173;123;240;172;366;142;409;165
0670_035_03.jpg;19;148;87;192;138;183;207;241;386;168;443;200;497;25;563;65
0670_035_04.jpg;89;164;163;218;251;141;313;181
0670_035_05.jpg;193;275;306;364;511;368;562;446;874;250;921;308;589;131;702;202
0670_036_01.jpg;129;192;165;244;228;233;303;289
0670_036_02.jpg;53;165;110;202;159;203;187;241;278;234;367;302
0670_036_03.jpg;89;285;167;338;285;237;366;307
0670_036_04.jpg;212;205;225;231;370;173;431;221;455;85;516;122;533;153;596;200
0670_036_05.jpg;144;88;187;123;178;195;242;258
0670_036_06.jpg;49;227;69;270;167;281;250;350
0670_036_07.jpg;61;289;136;339;224;248;267;284
0670_036_09.jpg;123;128;158;161;217;145;278;187;356;138;397;177;65;259;154;311
0670_036_10.jpg;78;229;154;286;359;224;441;285
0670_036_11.jpg;107;158;184;217;342;106;398;151
0670_036_11.jpg;107;158;184;217;342;106;398;151
0670_036_11.jpg;107;158;184;217;342;106;398;151
0670_036_11.jpg;107;158;184;217;342;106;398;151
