d010.jpg;343;0;629;189
d011.jpg;0;17;141;270
d012.jpg;125;0;436;238;54;279;326;400
d013.jpg;213;0;418;190
d014.jpg;0;0;207;276;434;0;807;217;872;2;1143;246
d015.jpg;226;0;545;254;975;2;1145;232
d016.jpg;65;0;291;148
d017.jpg;0;1;122;131;195;0;358;170
d018.jpg;368;0;557;202
d019.jpg;210;1;511;157
d020.jpg;184;1;317;101
d021.jpg;1;0;200;185
d022.jpg;1;0;139;238
d023.jpg;0;0;366;314
d024.jpg;63;174;265;418;267;0;515;224;534;0;763;303
d025.jpg;207;204;364;404;0;27;221;403
d026.jpg;497;0;755;182
d027.jpg;1;1;304;305;872;0;1149;397
d028.jpg;60;0;423;254
d029.jpg;208;0;536;269
d030.jpg;39;147;393;404;766;114;1142;406
d031.jpg;1;0;171;196;141;0;464;187
d032.jpg;318;1;496;286
d033.jpg;85;0;479;289
d034.jpg;0;0;161;312;406;0;701;237
d035.jpg;33;0;393;289
d036.jpg;0;0;173;241
d037.jpg;117;26;282;207;338;0;539;180
d038.jpg;217;1;443;157
d039.jpg
d040.jpg;487;1;746;180
d041.jpg;234;0;361;249
d042.jpg;0;0;262;179
d043.jpg;0;0;227;246
d044.jpg;60;0;322;200;333;0;562;211
d045.jpg;340;0;548;188;0;0;255;239
d046.jpg;65;0;335;233
d047.jpg;0;0;316;248
d048.jpg;0;0;282;168
d049.jpg;389;0;647;147
d050.jpg;116;0;429;166
d051.jpg;107;0;391;223
d052.jpg;0;0;149;298;228;0;390;162;433;0;684;147
d053.jpg;967;7;1142;283;240;0;714;414
d0101.jpg;162;3;421;196
d0102.jpg;62;1;233;174
d0103.jpg;121;2;384;224
d0104.jpg;24;204;277;482;188;3;606;310
d0105.jpg;6;2;188;192;229;5;367;208;375;0;564;177
d0106.jpg;111;2;353;201;333;0;521;164
d0107.jpg;536;120;748;443;255;30;506;395
d0108.jpg;56;62;216;287;460;33;661;218
0668_001_01.jpg;2;46;160;324;148;1;726;280
0668_001_02.jpg;1;1;365;276
0668_001_03.jpg;197;0;381;213;456;4;564;224
0668_001_04.jpg;0;220;221;411;369;4;538;173
0668_001_05.jpg;442;1;569;220;1;1;319;229
0668_001_06.jpg;132;0;341;167;429;2;572;241
0668_001_07.jpg;281;1;562;311
0668_001_08.jpg;1;1;192;325;380;2;568;290
0668_002_01.jpg;1;45;176;309
0668_002_02.jpg;112;1;479;214
0668_002_03.jpg;235;2;559;257
0668_002_04.jpg;212;0;548;240
0668_002_05.jpg;2;2;274;205;348;6;560;305
0668_002_06.jpg;1;0;293;256
0668_002_07.jpg;0;237;225;412
0668_003_01.jpg;2;2;178;250;222;0;371;227
0668_003_02.jpg;193;1;364;159;7;19;191;221
0668_003_03.jpg;2;1;141;285;194;1;373;206
0668_003_04.jpg;36;1;371;248
0668_003_05.jpg;29;0;311;205
0668_003_06.jpg;22;297;187;530;135;515;378;799;378;285;591;768;562;430;750;771
0668_003_07.jpg;329;1;521;174
0668_004_01.jpg
0668_004_02.jpg
0668_004_03.jpg;1;0;197;206;349;1;528;146
0668_004_04.jpg;265;2;559;228
0668_004_05.jpg;1;0;267;189;761;1;1151;305
0668_004_06.jpg;1;0;432;298
0668_004_07.jpg;430;1;693;267
0670_017_01.jpg;258;0;505;205
0670_017_02.jpg;1;0;351;263;490;0;755;225
0670_017_03.jpg;100;0;362;212
0670_017_04.jpg;166;2;551;407;664;1;899;170
0670_017_05.jpg;275;0;550;138;576;0;938;291;944;0;1148;144
0670_018_01.jpg;501;0;765;184;798;0;1041;216
0670_018_02.jpg;3;0;195;279
0670_018_03.jpg;112;0;393;252
0670_018_04.jpg;301;5;629;300
0670_018_05.jpg;2;38;169;334;125;-1;392;249
0670_018_06.jpg;0;0;175;220;148;0;390;222;482;1;676;189
0671_001_01.jpg;435;0;733;183
0671_001_02.jpg
0671_001_03.jpg
0671_001_04.jpg;1;0;167;232;270;0;503;247
0671_001_05.jpg
0671_001_06.jpg;258;0;566;178
0671_001_07.jpg;199;0;562;209
0671_001_08.jpg;0;0;151;189;163;0;561;244
0671_002_01.jpg;252;0;553;224
0671_002_02.jpg;265;1;562;214
0671_002_03.jpg;564;12;716;236;114;0;560;216
0671_002_04.jpg
0671_002_05.jpg;349;227;553;404
0671_002_06.jpg;0;1;253;251;240;1;413;153;316;0;563;233
0671_003_01.jpg;154;1;290;195;0;0;135;167
0671_003_02.jpg;1;0;176;170;190;0;451;180
0671_003_03.jpg;0;2;371;265
0671_003_04.jpg;0;0;355;288
0671_003_05.jpg;181;1;371;225;2;0;229;341
0671_003_06.jpg;192;11;357;269;364;0;662;299
0671_003_07.jpg;223;1;471;217
0671_003_08.jpg;343;0;559;203;0;0;338;302
0671_003_09.jpg;0;0;120;234;276;0;560;211
0671_004_01.jpg;92;87;414;427
