0670_020_01.jpg;5;3;308;232
0670_020_02.jpg;80;3;290;157
0670_020_03.jpg;2;3;223;311;235;0;562;239
0670_020_04.jpg;4;1;206;210;238;4;476;228
0670_020_05.jpg;3;272;218;411;268;4;568;222
0670_020_06.jpg
0670_020_07.jpg;39;0;372;237
0670_020_08.jpg;4;3;363;245
0670_020_09.jpg;113;1;370;189
0670_021_01.jpg;1;1;126;212;258;2;561;204
0670_021_02.jpg;5;19;195;199;333;3;459;171
0670_021_03.jpg;2;0;150;252;182;1;421;236
0670_021_04.jpg;48;1;218;195;342;3;575;226
0670_021_05.jpg
0670_021_06.jpg
0670_021_07.jpg;2;2;246;228;418;2;540;149
0670_021_08.jpg;147;3;397;162;431;4;559;144
0670_022_01.jpg;252;2;489;158
0670_022_02.jpg;21;1;185;147
0670_022_03.jpg;158;0;356;203
0670_022_04.jpg;63;1;375;305
0670_022_05.jpg;1;2;140;178;154;0;428;261
0670_022_06.jpg;27;2;168;175;201;2;558;201
0670_022_07.jpg;5;3;465;206
0670_023_01.jpg;2;2;189;306;238;1;366;163
0670_023_02.jpg;360;2;532;149;585;4;760;232;277;223;437;352
0670_023_03.jpg;1;0;222;270;215;0;564;257
0670_023_04.jpg;283;2;553;234
0670_023_05.jpg
0670_023_06.jpg;197;1;359;186
0670_023_07.jpg
0670_023_08.jpg
0670_023_09.jpg;2;1;221;228;271;3;522;232;542;63;667;203
0670_024_01.jpg;71;159;315;403;338;167;508;331
0670_024_02.jpg;212;1;406;157
0670_024_03.jpg;79;1;527;242
0670_024_04.jpg;104;2;487;260
0670_025_01.jpg;437;2;569;230
0670_025_02.jpg;2;1;269;257
0670_025_03.jpg;112;0;261;189
0670_025_04.jpg;15;0;169;203;325;0;561;256
0670_025_05.jpg;3;1;122;124;186;1;519;201
0670_025_06.jpg;543;2;737;172
0670_025_07.jpg;161;3;310;226
0670_025_08.jpg;20;1;432;227;803;142;1156;412
0670_026_01.jpg;217;1;368;257
0670_026_02.jpg;1;1;358;179
0670_026_03.jpg;104;1;370;192
0670_026_04.jpg;219;1;369;285;3;55;123;329
0670_026_05.jpg;226;2;471;220;618;4;757;192
0670_026_06.jpg;3;9;182;312;205;0;651;278
0670_026_07.jpg;2;4;501;240
0670_026_08.jpg;334;3;564;238
0670_026_09.jpg;344;1;565;233
0670_027_01.jpg;8;1;455;178
0670_027_02.jpg;2;3;217;230
0670_027_03.jpg;93;1;202;131;253;2;432;202;457;0;562;147
0670_027_04.jpg;99;4;317;194;305;3;410;128
0670_027_05.jpg;112;2;399;179;398;2;738;284;944;4;1154;275
0670_027_06.jpg;28;1;346;178
0670_027_07.jpg;30;1;268;174
0670_027_08.jpg
0670_028_01.jpg;13;2;183;148;187;1;478;203;484;3;688;150
0670_028_02.jpg;145;1;367;160
0670_028_03.jpg;51;2;408;280;717;4;1063;308
0670_028_04.jpg;3;1;216;298
0670_028_05.jpg
0670_028_06.jpg;2;118;146;448;160;32;556;444
0670_029_01.jpg;21;1;337;224;375;2;750;228;786;3;1135;256
0670_029_02.jpg;28;0;316;212;319;0;606;194
0670_029_03.jpg;88;1;412;209
0670_029_04.jpg;131;1;428;229
0670_029_05.jpg;65;10;288;215;292;1;659;210
0670_029_06.jpg;1;1;162;178;168;0;557;267
0670_029_07.jpg;292;0;557;277;197;207;475;406
0670_030_01.jpg;227;1;566;271
0670_030_02.jpg;54;22;223;223;246;1;660;250
0670_031_01.jpg;2;14;136;235;175;1;367;264
0670_031_02.jpg
0670_031_03.jpg
0670_031_04.jpg
0670_031_05.jpg;1;1;181;221;199;0;368;183
0670_031_06.jpg;2;2;202;237
0670_031_07.jpg;1;2;157;202;310;2;564;211
0670_031_08.jpg;105;1;354;172
0670_031_09.jpg;1;1;229;233;262;1;421;168;428;1;705;275
0670_032_01.jpg;21;1;226;195;525;1;685;230
0670_032_02.jpg;64;0;289;199;299;2;430;238
0670_032_03.jpg;1;1;467;289
0670_032_04.jpg;334;0;653;216
0670_032_05.jpg;1;1;195;237;203;1;367;225
0670_032_06.jpg;1;0;172;212;242;1;359;207
0670_032_07.jpg;1;1;236;285
0670_032_08.jpg;1;1;268;279
0670_032_09.jpg;1;0;327;255;308;1;561;274;568;0;755;322
0670_033_01.jpg;1;1;364;311
0670_033_02.jpg
0670_033_03.jpg
0670_033_04.jpg;2;37;135;241;134;0;486;207
0670_033_05.jpg;78;1;203;157;191;0;453;164
0670_033_06.jpg;148;1;338;163;351;2;501;164;534;2;654;183
0670_033_07.jpg;1;2;114;219;204;1;329;169
0670_033_08.jpg;2;162;242;408;592;2;845;198
0670_034_01.jpg
0670_034_02.jpg;302;0;503;226
0670_034_03.jpg;161;0;389;205
0670_034_04.jpg;1;0;192;296;288;0;542;224
0670_034_05.jpg;1;18;194;350;212;1;420;162;405;14;640;224
0670_034_06.jpg;1;2;420;194
0670_034_07.jpg;50;0;322;195;346;1;557;223
0670_034_08.jpg;1;0;296;172;276;0;556;225
0670_035_01.jpg;67;1;189;149;199;0;531;200
0670_035_02.jpg;201;1;338;172
0670_035_03.jpg;14;1;399;214
0670_035_04.jpg;1;25;105;221;102;1;404;167
0670_035_05.jpg;53;1;455;294;560;595;999;843
0670_036_01.jpg;1;1;145;197;179;0;344;203
0670_036_02.jpg;41;1;378;237
0670_036_03.jpg;1;1;243;286;206;1;368;205
0670_036_04.jpg;1;1;387;311
0670_036_05.jpg;217;2;450;246
0670_036_06.jpg;1;1;321;314
0670_036_07.jpg;99;2;324;254
0670_036_09.jpg
0670_036_10.jpg;2;1;248;256;231;1;562;256
0670_036_11.jpg;154;2;338;181
0670_036_11.jpg;154;2;338;181
