d010.jpg;87;120;154;157;131;77;178;104;198;95;258;136;651;117;704;166
d0101.jpg;126;104;184;147;285;189;347;241
d0102.jpg;38;229;151;309
d0103.jpg;132;158;169;206;389;91;444;130
d0104.jpg;201;484;285;539;428;373;494;425
d0105.jpg;150;167;222;214;393;279;424;323;500;200;522;224;362;216;388;241
d0106.jpg;58;82;108;122;407;184;480;233
d0107.jpg;421;431;495;501
d0108.jpg;346;100;395;138
d011.jpg;212;91;265;167
d012.jpg;64;124;128;172;382;136;417;185
d013.jpg;33;34;98;75;170;106;241;151;399;114;463;159
d014.jpg;297;132;357;184;610;233;684;285;756;137;826;186
d015.jpg;136;105;197;147;96;180;166;227;210;151;266;188;520;152;577;198;839;52;887;85;725;113;754;150
d016.jpg;181;125;251;177
d017.jpg;68;128;146;174;222;192;300;236
d018.jpg;140;94;210;136;355;118;416;158
d019.jpg;166;157;202;210;395;118;448;165
d020.jpg;202;131;280;195
d021.jpg;180;139;226;194
d022.jpg;176;153;250;203
d023.jpg;96;238;209;329
d024.jpg;442;182;522;234
d025.jpg;138;33;282;130
d026.jpg;188;41;234;73;256;99;300;139;577;182;642;231
d027.jpg;354;83;422;128;488;157;560;203;758;133;829;188
d028.jpg;143;213;204;254;312;251;376;311;441;98;500;135
d029.jpg;209;127;261;169;325;160;390;209
d030.jpg;513;67;549;99;595;121;637;161
d031.jpg;61;228;105;289;263;166;318;206;384;121;428;142
d032.jpg;99;104;167;144;266;193;325;234
d033.jpg;228;589;287;620;82;437;146;479;37;299;79;323;191;300;225;310;435;287;483;323;558;700;592;733
d034.jpg;261;73;288;108;339;150;396;192;775;97;815;127;995;105;1025;126;682;167;728;219;921;208;975;255
d035.jpg;99;199;155;246;344;258;386;307
d036.jpg;185;152;259;210;406;65;445;84;520;51;539;61;636;131;661;147;697;25;724;45
d037.jpg;231;220;301;270;338;164;412;211
d038.jpg;409;98;467;151;171;144;236;205
d039.jpg;214;204;268;257
d040.jpg;406;41;467;82
d041.jpg
d042.jpg
d043.jpg
d044.jpg;190;229;222;276;407;219;479;267
d045.jpg;145;243;232;290;369;197;409;244
d046.jpg;78;237;150;294;277;213;337;256
d047.jpg;118;185;199;248
d048.jpg;100;160;170;216;313;74;362;110
d049.jpg;100;103;158;139;247;66;297;100;450;144;478;157
d050.jpg;89;125;156;170;236;134;273;182
d051.jpg;158;210;214;236
d052.jpg;243;143;274;155;420;146;476;185;604;130;665;175
d053.jpg;99;278;174;337;833;140;881;170
